(kicad_pcb (version 20171130) (host pcbnew 5.0.2-bee76a0~70~ubuntu18.04.1)

  (general
    (thickness 1.6)
    (drawings 8)
    (tracks 828)
    (zones 0)
    (modules 89)
    (nets 86)
  )

  (page A4)
  (title_block
    (title E32CB_R2)
  )

  (layers
    (0 F.Cu jumper)
    (31 B.Cu signal)
    (32 B.Adhes user)
    (33 F.Adhes user hide)
    (34 B.Paste user)
    (35 F.Paste user hide)
    (36 B.SilkS user)
    (37 F.SilkS user)
    (38 B.Mask user)
    (39 F.Mask user hide)
    (40 Dwgs.User user)
    (41 Cmts.User user)
    (42 Eco1.User user)
    (43 Eco2.User user)
    (44 Edge.Cuts user)
    (45 Margin user)
    (46 B.CrtYd user hide)
    (47 F.CrtYd user)
    (48 B.Fab user hide)
    (49 F.Fab user hide)
  )

  (setup
    (last_trace_width 0.25)
    (user_trace_width 0.3)
    (user_trace_width 0.5)
    (user_trace_width 1)
    (user_trace_width 1.5)
    (user_trace_width 3.7)
    (trace_clearance 0.2)
    (zone_clearance 0.508)
    (zone_45_only no)
    (trace_min 0.1)
    (segment_width 0.2)
    (edge_width 0.15)
    (via_size 0.8)
    (via_drill 0.4)
    (via_min_size 0.4)
    (via_min_drill 0.3)
    (user_via 0.8 0.4)
    (user_via 1 0.5)
    (user_via 1.6 0.8)
    (user_via 2 1)
    (uvia_size 0.3)
    (uvia_drill 0.1)
    (uvias_allowed no)
    (uvia_min_size 0.2)
    (uvia_min_drill 0.1)
    (pcb_text_width 0.3)
    (pcb_text_size 1.5 1.5)
    (mod_edge_width 0.15)
    (mod_text_size 0.000001 0.000001)
    (mod_text_width 0.15)
    (pad_size 1.4 1.4)
    (pad_drill 0.6)
    (pad_to_mask_clearance 0.051)
    (solder_mask_min_width 0.25)
    (aux_axis_origin 0 0)
    (visible_elements FFFFFF7F)
    (pcbplotparams
      (layerselection 0x010fc_ffffffff)
      (usegerberextensions false)
      (usegerberattributes false)
      (usegerberadvancedattributes false)
      (creategerberjobfile false)
      (excludeedgelayer true)
      (linewidth 0.100000)
      (plotframeref false)
      (viasonmask false)
      (mode 1)
      (useauxorigin false)
      (hpglpennumber 1)
      (hpglpenspeed 20)
      (hpglpendiameter 15.000000)
      (psnegative false)
      (psa4output false)
      (plotreference true)
      (plotvalue true)
      (plotinvisibletext false)
      (padsonsilk false)
      (subtractmaskfromsilk false)
      (outputformat 4)
      (mirror false)
      (drillshape 0)
      (scaleselection 1)
      (outputdirectory "/home/wilhelm/"))
  )

  (net 0 "")
  (net 1 "Net-(Q10-Pad1)")
  (net 2 /Q5)
  (net 3 /Q4)
  (net 4 "Net-(Q5-Pad1)")
  (net 5 "Net-(LED_R3-Pad2)")
  (net 6 +3V3)
  (net 7 "Net-(J22-Pad1)")
  (net 8 GND)
  (net 9 "Net-(J20-Pad1)")
  (net 10 "Net-(J18-Pad1)")
  (net 11 "Net-(J16-Pad1)")
  (net 12 /Q6)
  (net 13 "Net-(Q9-Pad1)")
  (net 14 "Net-(Q8-Pad1)")
  (net 15 /Q7)
  (net 16 /Q8)
  (net 17 "Net-(Q7-Pad1)")
  (net 18 "Net-(LED_R4-Pad2)")
  (net 19 /s_LED)
  (net 20 "Net-(J14-Pad1)")
  (net 21 "Net-(J12-Pad1)")
  (net 22 /Q3)
  (net 23 "Net-(Q6-Pad1)")
  (net 24 /I2C_SDA)
  (net 25 /IO_0)
  (net 26 "Net-(Q3-Pad1)")
  (net 27 /Q1)
  (net 28 /Q2)
  (net 29 "Net-(Q4-Pad1)")
  (net 30 "Net-(LED_R2-Pad2)")
  (net 31 "Net-(LED_R1-Pad2)")
  (net 32 /EN)
  (net 33 "Net-(J10-Pad1)")
  (net 34 "Net-(Q2-Pad2)")
  (net 35 "Net-(CH340G1-Pad14)")
  (net 36 "Net-(CH340G1-Pad13)")
  (net 37 "Net-(Q1-Pad2)")
  (net 38 /TXD)
  (net 39 "Net-(CH340G1-Pad3)")
  (net 40 "Net-(CH340G1-Pad2)")
  (net 41 /RXD)
  (net 42 /I2C_SCL)
  (net 43 "Net-(J8-Pad1)")
  (net 44 /gpi36)
  (net 45 /gpi39)
  (net 46 /gpi34)
  (net 47 /gpi35)
  (net 48 /gpio26)
  (net 49 /gpio12)
  (net 50 "Net-(U1-Pad17)")
  (net 51 "Net-(U1-Pad18)")
  (net 52 "Net-(U1-Pad19)")
  (net 53 "Net-(U1-Pad20)")
  (net 54 "Net-(U1-Pad21)")
  (net 55 "Net-(U1-Pad22)")
  (net 56 /gpio15)
  (net 57 /gpio2)
  (net 58 /U2_RXD)
  (net 59 /U2_TXD)
  (net 60 /gpio5)
  (net 61 "Net-(U1-Pad32)")
  (net 62 /fan1)
  (net 63 "Net-(3V3stabilizer1-Pad1)")
  (net 64 "Net-(J11-Pad1)")
  (net 65 "Net-(J9-Pad1)")
  (net 66 "Net-(J7-Pad1)")
  (net 67 "Net-(J13-Pad1)")
  (net 68 /display_Vin)
  (net 69 +12V)
  (net 70 "Net-(J17-Pad1)")
  (net 71 "Net-(J19-Pad1)")
  (net 72 "Net-(J21-Pad1)")
  (net 73 "Net-(J15-Pad1)")
  (net 74 /USB_P)
  (net 75 /USB_N)
  (net 76 "Net-(C1-Pad1)")
  (net 77 "Net-(C2-Pad1)")
  (net 78 "Net-(CH340G1-Pad9)")
  (net 79 "Net-(CH340G1-Pad10)")
  (net 80 "Net-(CH340G1-Pad11)")
  (net 81 "Net-(CH340G1-Pad12)")
  (net 82 "Net-(CH340G1-Pad15)")
  (net 83 +5V)
  (net 84 "Net-(C3-Pad1)")
  (net 85 "Net-(fan_1-Pad3)")

  (net_class Default "This is the default net class."
    (clearance 0.2)
    (trace_width 0.25)
    (via_dia 0.8)
    (via_drill 0.4)
    (uvia_dia 0.3)
    (uvia_drill 0.1)
    (add_net +12V)
    (add_net +3V3)
    (add_net +5V)
    (add_net /EN)
    (add_net /I2C_SCL)
    (add_net /I2C_SDA)
    (add_net /IO_0)
    (add_net /Q1)
    (add_net /Q2)
    (add_net /Q3)
    (add_net /Q4)
    (add_net /Q5)
    (add_net /Q6)
    (add_net /Q7)
    (add_net /Q8)
    (add_net /RXD)
    (add_net /TXD)
    (add_net /U2_RXD)
    (add_net /U2_TXD)
    (add_net /USB_N)
    (add_net /USB_P)
    (add_net /display_Vin)
    (add_net /fan1)
    (add_net /gpi34)
    (add_net /gpi35)
    (add_net /gpi36)
    (add_net /gpi39)
    (add_net /gpio12)
    (add_net /gpio15)
    (add_net /gpio2)
    (add_net /gpio26)
    (add_net /gpio5)
    (add_net /s_LED)
    (add_net GND)
    (add_net "Net-(3V3stabilizer1-Pad1)")
    (add_net "Net-(C1-Pad1)")
    (add_net "Net-(C2-Pad1)")
    (add_net "Net-(C3-Pad1)")
    (add_net "Net-(CH340G1-Pad10)")
    (add_net "Net-(CH340G1-Pad11)")
    (add_net "Net-(CH340G1-Pad12)")
    (add_net "Net-(CH340G1-Pad13)")
    (add_net "Net-(CH340G1-Pad14)")
    (add_net "Net-(CH340G1-Pad15)")
    (add_net "Net-(CH340G1-Pad2)")
    (add_net "Net-(CH340G1-Pad3)")
    (add_net "Net-(CH340G1-Pad9)")
    (add_net "Net-(J10-Pad1)")
    (add_net "Net-(J11-Pad1)")
    (add_net "Net-(J12-Pad1)")
    (add_net "Net-(J13-Pad1)")
    (add_net "Net-(J14-Pad1)")
    (add_net "Net-(J15-Pad1)")
    (add_net "Net-(J16-Pad1)")
    (add_net "Net-(J17-Pad1)")
    (add_net "Net-(J18-Pad1)")
    (add_net "Net-(J19-Pad1)")
    (add_net "Net-(J20-Pad1)")
    (add_net "Net-(J21-Pad1)")
    (add_net "Net-(J22-Pad1)")
    (add_net "Net-(J7-Pad1)")
    (add_net "Net-(J8-Pad1)")
    (add_net "Net-(J9-Pad1)")
    (add_net "Net-(LED_R1-Pad2)")
    (add_net "Net-(LED_R2-Pad2)")
    (add_net "Net-(LED_R3-Pad2)")
    (add_net "Net-(LED_R4-Pad2)")
    (add_net "Net-(Q1-Pad2)")
    (add_net "Net-(Q10-Pad1)")
    (add_net "Net-(Q2-Pad2)")
    (add_net "Net-(Q3-Pad1)")
    (add_net "Net-(Q4-Pad1)")
    (add_net "Net-(Q5-Pad1)")
    (add_net "Net-(Q6-Pad1)")
    (add_net "Net-(Q7-Pad1)")
    (add_net "Net-(Q8-Pad1)")
    (add_net "Net-(Q9-Pad1)")
    (add_net "Net-(U1-Pad17)")
    (add_net "Net-(U1-Pad18)")
    (add_net "Net-(U1-Pad19)")
    (add_net "Net-(U1-Pad20)")
    (add_net "Net-(U1-Pad21)")
    (add_net "Net-(U1-Pad22)")
    (add_net "Net-(U1-Pad32)")
    (add_net "Net-(fan_1-Pad3)")
  )

  (net_class 2 ""
    (clearance 0.2)
    (trace_width 3.7)
    (via_dia 0.8)
    (via_drill 0.4)
    (uvia_dia 0.3)
    (uvia_drill 0.1)
  )

  (module RF_Module:ESP32-WROOM-32 (layer B.Cu) (tedit 5E9C4032) (tstamp 5EA7B2D9)
    (at 149.86 75.692 270)
    (descr "Single 2.4 GHz Wi-Fi and Bluetooth combo chip https://www.espressif.com/sites/default/files/documentation/esp32-wroom-32_datasheet_en.pdf")
    (tags "Single 2.4 GHz Wi-Fi and Bluetooth combo  chip")
    (path /5E9AC344)
    (attr smd)
    (fp_text reference U1 (at -10.61 -8.43 180) (layer B.SilkS) hide
      (effects (font (size 1 1) (thickness 0.15)) (justify mirror))
    )
    (fp_text value ESP32-WROOM-32 (at 0 -11.5 270) (layer B.Fab)
      (effects (font (size 1 1) (thickness 0.15)) (justify mirror))
    )
    (fp_text user %R (at 0 0 270) (layer B.Fab)
      (effects (font (size 1 1) (thickness 0.15)) (justify mirror))
    )
    (fp_text user "KEEP-OUT ZONE" (at 0 19 270) (layer Cmts.User)
      (effects (font (size 1 1) (thickness 0.15)))
    )
    (fp_text user Antenna (at 0 13 270) (layer Cmts.User)
      (effects (font (size 1 1) (thickness 0.15)))
    )
    (fp_text user "5 mm" (at 11.8 14.375 270) (layer Cmts.User)
      (effects (font (size 0.5 0.5) (thickness 0.1)))
    )
    (fp_text user "5 mm" (at -11.2 14.375 270) (layer Cmts.User)
      (effects (font (size 0.5 0.5) (thickness 0.1)))
    )
    (fp_text user "5 mm" (at 7.8 19.075 180) (layer Cmts.User)
      (effects (font (size 0.5 0.5) (thickness 0.1)))
    )
    (fp_line (start -14 9.97) (end -14 20.75) (layer Dwgs.User) (width 0.1))
    (fp_line (start 9 -9.76) (end 9 15.745) (layer B.Fab) (width 0.1))
    (fp_line (start -9 -9.76) (end 9 -9.76) (layer B.Fab) (width 0.1))
    (fp_line (start -9 15.745) (end -9 10.02) (layer B.Fab) (width 0.1))
    (fp_line (start -9 15.745) (end 9 15.745) (layer B.Fab) (width 0.1))
    (fp_line (start -9.75 -10.5) (end -9.75 9.72) (layer B.CrtYd) (width 0.05))
    (fp_line (start -9.75 -10.5) (end 9.75 -10.5) (layer B.CrtYd) (width 0.05))
    (fp_line (start 9.75 9.72) (end 9.75 -10.5) (layer B.CrtYd) (width 0.05))
    (fp_line (start -14.25 21) (end 14.25 21) (layer B.CrtYd) (width 0.05))
    (fp_line (start -9 9.02) (end -9 -9.76) (layer B.Fab) (width 0.1))
    (fp_line (start -8.5 9.52) (end -9 10.02) (layer B.Fab) (width 0.1))
    (fp_line (start -9 9.02) (end -8.5 9.52) (layer B.Fab) (width 0.1))
    (fp_line (start 14 9.97) (end -14 9.97) (layer Dwgs.User) (width 0.1))
    (fp_line (start 14 9.97) (end 14 20.75) (layer Dwgs.User) (width 0.1))
    (fp_line (start 14 20.75) (end -14 20.75) (layer Dwgs.User) (width 0.1))
    (fp_line (start -14.25 21) (end -14.25 9.72) (layer B.CrtYd) (width 0.05))
    (fp_line (start 14.25 21) (end 14.25 9.72) (layer B.CrtYd) (width 0.05))
    (fp_line (start -14.25 9.72) (end -9.75 9.72) (layer B.CrtYd) (width 0.05))
    (fp_line (start 9.75 9.72) (end 14.25 9.72) (layer B.CrtYd) (width 0.05))
    (fp_line (start -12.525 20.75) (end -14 19.66) (layer Dwgs.User) (width 0.1))
    (fp_line (start -10.525 20.75) (end -14 18.045) (layer Dwgs.User) (width 0.1))
    (fp_line (start -8.525 20.75) (end -14 16.43) (layer Dwgs.User) (width 0.1))
    (fp_line (start -6.525 20.75) (end -14 14.815) (layer Dwgs.User) (width 0.1))
    (fp_line (start -4.525 20.75) (end -14 13.2) (layer Dwgs.User) (width 0.1))
    (fp_line (start -2.525 20.75) (end -14 11.585) (layer Dwgs.User) (width 0.1))
    (fp_line (start -0.525 20.75) (end -14 9.97) (layer Dwgs.User) (width 0.1))
    (fp_line (start 1.475 20.75) (end -12 9.97) (layer Dwgs.User) (width 0.1))
    (fp_line (start 3.475 20.75) (end -10 9.97) (layer Dwgs.User) (width 0.1))
    (fp_line (start -8 9.97) (end 5.475 20.75) (layer Dwgs.User) (width 0.1))
    (fp_line (start 7.475 20.75) (end -6 9.97) (layer Dwgs.User) (width 0.1))
    (fp_line (start 9.475 20.75) (end -4 9.97) (layer Dwgs.User) (width 0.1))
    (fp_line (start 11.475 20.75) (end -2 9.97) (layer Dwgs.User) (width 0.1))
    (fp_line (start 13.475 20.75) (end 0 9.97) (layer Dwgs.User) (width 0.1))
    (fp_line (start 14 19.66) (end 2 9.97) (layer Dwgs.User) (width 0.1))
    (fp_line (start 14 18.045) (end 4 9.97) (layer Dwgs.User) (width 0.1))
    (fp_line (start 14 16.43) (end 6 9.97) (layer Dwgs.User) (width 0.1))
    (fp_line (start 14 14.815) (end 8 9.97) (layer Dwgs.User) (width 0.1))
    (fp_line (start 14 13.2) (end 10 9.97) (layer Dwgs.User) (width 0.1))
    (fp_line (start 14 11.585) (end 12 9.97) (layer Dwgs.User) (width 0.1))
    (fp_line (start 9.2 13.875) (end 13.8 13.875) (layer Cmts.User) (width 0.1))
    (fp_line (start 13.8 13.875) (end 13.6 14.075) (layer Cmts.User) (width 0.1))
    (fp_line (start 13.8 13.875) (end 13.6 13.675) (layer Cmts.User) (width 0.1))
    (fp_line (start 9.2 13.875) (end 9.4 14.075) (layer Cmts.User) (width 0.1))
    (fp_line (start 9.2 13.875) (end 9.4 13.675) (layer Cmts.User) (width 0.1))
    (fp_line (start -13.8 13.875) (end -13.6 14.075) (layer Cmts.User) (width 0.1))
    (fp_line (start -13.8 13.875) (end -13.6 13.675) (layer Cmts.User) (width 0.1))
    (fp_line (start -9.2 13.875) (end -9.4 13.675) (layer Cmts.User) (width 0.1))
    (fp_line (start -13.8 13.875) (end -9.2 13.875) (layer Cmts.User) (width 0.1))
    (fp_line (start -9.2 13.875) (end -9.4 14.075) (layer Cmts.User) (width 0.1))
    (fp_line (start 8.4 16) (end 8.2 16.2) (layer Cmts.User) (width 0.1))
    (fp_line (start 8.4 16) (end 8.6 16.2) (layer Cmts.User) (width 0.1))
    (fp_line (start 8.4 20.6) (end 8.6 20.4) (layer Cmts.User) (width 0.1))
    (fp_line (start 8.4 16) (end 8.4 20.6) (layer Cmts.User) (width 0.1))
    (fp_line (start 8.4 20.6) (end 8.2 20.4) (layer Cmts.User) (width 0.1))
    (fp_line (start -9.12 -9.1) (end -9.12 -9.88) (layer B.SilkS) (width 0.12))
    (fp_line (start -9.12 -9.88) (end -8.12 -9.88) (layer B.SilkS) (width 0.12))
    (fp_line (start 9.12 -9.1) (end 9.12 -9.88) (layer B.SilkS) (width 0.12))
    (fp_line (start 9.12 -9.88) (end 8.12 -9.88) (layer B.SilkS) (width 0.12))
    (fp_line (start -9.12 15.865) (end 9.12 15.865) (layer B.SilkS) (width 0.12))
    (fp_line (start 9.12 15.865) (end 9.12 9.445) (layer B.SilkS) (width 0.12))
    (fp_line (start -9.12 15.865) (end -9.12 9.445) (layer B.SilkS) (width 0.12))
    (fp_line (start -9.12 9.445) (end -9.5 9.445) (layer B.SilkS) (width 0.12))
    (pad 39 smd rect (at -1 0.755 270) (size 5 5) (layers B.Cu B.Paste B.Mask)
      (net 8 GND))
    (pad 1 smd rect (at -8.5 8.255 270) (size 2 0.9) (layers B.Cu B.Paste B.Mask)
      (net 8 GND))
    (pad 2 smd rect (at -8.5 6.985 270) (size 2 0.9) (layers B.Cu B.Paste B.Mask)
      (net 6 +3V3))
    (pad 3 smd rect (at -8.5 5.715 270) (size 2 0.9) (layers B.Cu B.Paste B.Mask)
      (net 32 /EN))
    (pad 4 smd rect (at -8.5 4.445 270) (size 2 0.9) (layers B.Cu B.Paste B.Mask)
      (net 44 /gpi36))
    (pad 5 smd rect (at -8.5 3.175 270) (size 2 0.9) (layers B.Cu B.Paste B.Mask)
      (net 45 /gpi39))
    (pad 6 smd rect (at -8.5 1.905 270) (size 2 0.9) (layers B.Cu B.Paste B.Mask)
      (net 46 /gpi34))
    (pad 7 smd rect (at -8.5 0.635 270) (size 2 0.9) (layers B.Cu B.Paste B.Mask)
      (net 47 /gpi35))
    (pad 8 smd rect (at -8.5 -0.635 270) (size 2 0.9) (layers B.Cu B.Paste B.Mask)
      (net 19 /s_LED))
    (pad 9 smd rect (at -8.5 -1.905 270) (size 2 0.9) (layers B.Cu B.Paste B.Mask)
      (net 27 /Q1))
    (pad 10 smd rect (at -8.5 -3.175 270) (size 2 0.9) (layers B.Cu B.Paste B.Mask)
      (net 28 /Q2))
    (pad 11 smd rect (at -8.5 -4.445 270) (size 2 0.9) (layers B.Cu B.Paste B.Mask)
      (net 48 /gpio26))
    (pad 12 smd rect (at -8.5 -5.715 270) (size 2 0.9) (layers B.Cu B.Paste B.Mask)
      (net 22 /Q3))
    (pad 13 smd rect (at -8.5 -6.985 270) (size 2 0.9) (layers B.Cu B.Paste B.Mask)
      (net 3 /Q4))
    (pad 14 smd rect (at -8.5 -8.255 270) (size 2 0.9) (layers B.Cu B.Paste B.Mask)
      (net 49 /gpio12))
    (pad 15 smd rect (at -5.715 -9.255 180) (size 2 0.9) (layers B.Cu B.Paste B.Mask)
      (net 8 GND))
    (pad 16 smd rect (at -4.445 -9.255 180) (size 2 0.9) (layers B.Cu B.Paste B.Mask)
      (net 2 /Q5))
    (pad 17 smd rect (at -3.175 -9.255 180) (size 2 0.9) (layers B.Cu B.Paste B.Mask)
      (net 50 "Net-(U1-Pad17)"))
    (pad 18 smd rect (at -1.905 -9.255 180) (size 2 0.9) (layers B.Cu B.Paste B.Mask)
      (net 51 "Net-(U1-Pad18)"))
    (pad 19 smd rect (at -0.635 -9.255 180) (size 2 0.9) (layers B.Cu B.Paste B.Mask)
      (net 52 "Net-(U1-Pad19)"))
    (pad 20 smd rect (at 0.635 -9.255 180) (size 2 0.9) (layers B.Cu B.Paste B.Mask)
      (net 53 "Net-(U1-Pad20)"))
    (pad 21 smd rect (at 1.905 -9.255 180) (size 2 0.9) (layers B.Cu B.Paste B.Mask)
      (net 54 "Net-(U1-Pad21)"))
    (pad 22 smd rect (at 3.175 -9.255 180) (size 2 0.9) (layers B.Cu B.Paste B.Mask)
      (net 55 "Net-(U1-Pad22)"))
    (pad 23 smd rect (at 4.445 -9.255 180) (size 2 0.9) (layers B.Cu B.Paste B.Mask)
      (net 56 /gpio15))
    (pad 24 smd rect (at 5.715 -9.255 180) (size 2 0.9) (layers B.Cu B.Paste B.Mask)
      (net 57 /gpio2))
    (pad 25 smd rect (at 8.5 -8.255 270) (size 2 0.9) (layers B.Cu B.Paste B.Mask)
      (net 25 /IO_0))
    (pad 26 smd rect (at 8.5 -6.985 270) (size 2 0.9) (layers B.Cu B.Paste B.Mask)
      (net 12 /Q6))
    (pad 27 smd rect (at 8.5 -5.715 270) (size 2 0.9) (layers B.Cu B.Paste B.Mask)
      (net 58 /U2_RXD))
    (pad 28 smd rect (at 8.5 -4.445 270) (size 2 0.9) (layers B.Cu B.Paste B.Mask)
      (net 59 /U2_TXD))
    (pad 29 smd rect (at 8.5 -3.175 270) (size 2 0.9) (layers B.Cu B.Paste B.Mask)
      (net 60 /gpio5))
    (pad 30 smd rect (at 8.5 -1.905 270) (size 2 0.9) (layers B.Cu B.Paste B.Mask)
      (net 15 /Q7))
    (pad 31 smd rect (at 8.5 -0.635 270) (size 2 0.9) (layers B.Cu B.Paste B.Mask)
      (net 16 /Q8))
    (pad 32 smd rect (at 8.5 0.635 270) (size 2 0.9) (layers B.Cu B.Paste B.Mask)
      (net 61 "Net-(U1-Pad32)"))
    (pad 33 smd rect (at 8.5 1.905 270) (size 2 0.9) (layers B.Cu B.Paste B.Mask)
      (net 24 /I2C_SDA))
    (pad 34 smd rect (at 8.5 3.175 270) (size 2 0.9) (layers B.Cu B.Paste B.Mask)
      (net 41 /RXD))
    (pad 35 smd rect (at 8.5 4.445 270) (size 2 0.9) (layers B.Cu B.Paste B.Mask)
      (net 38 /TXD))
    (pad 36 smd rect (at 8.5 5.715 270) (size 2 0.9) (layers B.Cu B.Paste B.Mask)
      (net 42 /I2C_SCL))
    (pad 37 smd rect (at 8.5 6.985 270) (size 2 0.9) (layers B.Cu B.Paste B.Mask)
      (net 62 /fan1))
    (pad 38 smd rect (at 8.5 8.255 270) (size 2 0.9) (layers B.Cu B.Paste B.Mask)
      (net 8 GND))
    (model ${KISYS3DMOD}/RF_Module.3dshapes/ESP32-WROOM-32.wrl
      (at (xyz 0 0 0))
      (scale (xyz 1 1 1))
      (rotate (xyz 0 0 0))
    )
  )

  (module Button_Switch_THT:SW_PUSH_6mm (layer F.Cu) (tedit 5A02FE31) (tstamp 5E9B0E97)
    (at 106.957 68.326 180)
    (descr https://www.omron.com/ecb/products/pdf/en-b3f.pdf)
    (tags "tact sw push 6mm")
    (path /5E1870C9)
    (fp_text reference FLASH1 (at 3.25 -2 180) (layer F.SilkS)
      (effects (font (size 1 1) (thickness 0.15)))
    )
    (fp_text value FLASH (at 3.75 6.7 180) (layer F.Fab)
      (effects (font (size 1 1) (thickness 0.15)))
    )
    (fp_text user %R (at 3.25 2.25 180) (layer F.Fab)
      (effects (font (size 1 1) (thickness 0.15)))
    )
    (fp_line (start 3.25 -0.75) (end 6.25 -0.75) (layer F.Fab) (width 0.1))
    (fp_line (start 6.25 -0.75) (end 6.25 5.25) (layer F.Fab) (width 0.1))
    (fp_line (start 6.25 5.25) (end 0.25 5.25) (layer F.Fab) (width 0.1))
    (fp_line (start 0.25 5.25) (end 0.25 -0.75) (layer F.Fab) (width 0.1))
    (fp_line (start 0.25 -0.75) (end 3.25 -0.75) (layer F.Fab) (width 0.1))
    (fp_line (start 7.75 6) (end 8 6) (layer F.CrtYd) (width 0.05))
    (fp_line (start 8 6) (end 8 5.75) (layer F.CrtYd) (width 0.05))
    (fp_line (start 7.75 -1.5) (end 8 -1.5) (layer F.CrtYd) (width 0.05))
    (fp_line (start 8 -1.5) (end 8 -1.25) (layer F.CrtYd) (width 0.05))
    (fp_line (start -1.5 -1.25) (end -1.5 -1.5) (layer F.CrtYd) (width 0.05))
    (fp_line (start -1.5 -1.5) (end -1.25 -1.5) (layer F.CrtYd) (width 0.05))
    (fp_line (start -1.5 5.75) (end -1.5 6) (layer F.CrtYd) (width 0.05))
    (fp_line (start -1.5 6) (end -1.25 6) (layer F.CrtYd) (width 0.05))
    (fp_line (start -1.25 -1.5) (end 7.75 -1.5) (layer F.CrtYd) (width 0.05))
    (fp_line (start -1.5 5.75) (end -1.5 -1.25) (layer F.CrtYd) (width 0.05))
    (fp_line (start 7.75 6) (end -1.25 6) (layer F.CrtYd) (width 0.05))
    (fp_line (start 8 -1.25) (end 8 5.75) (layer F.CrtYd) (width 0.05))
    (fp_line (start 1 5.5) (end 5.5 5.5) (layer F.SilkS) (width 0.12))
    (fp_line (start -0.25 1.5) (end -0.25 3) (layer F.SilkS) (width 0.12))
    (fp_line (start 5.5 -1) (end 1 -1) (layer F.SilkS) (width 0.12))
    (fp_line (start 6.75 3) (end 6.75 1.5) (layer F.SilkS) (width 0.12))
    (fp_circle (center 3.25 2.25) (end 1.25 2.5) (layer F.Fab) (width 0.1))
    (pad 2 thru_hole circle (at 0 4.5 270) (size 2 2) (drill 1.1) (layers *.Cu *.Mask)
      (net 8 GND))
    (pad 1 thru_hole circle (at 0 0 270) (size 2 2) (drill 1.1) (layers *.Cu *.Mask)
      (net 25 /IO_0))
    (pad 2 thru_hole circle (at 6.5 4.5 270) (size 2 2) (drill 1.1) (layers *.Cu *.Mask)
      (net 8 GND))
    (pad 1 thru_hole circle (at 6.5 0 270) (size 2 2) (drill 1.1) (layers *.Cu *.Mask)
      (net 25 /IO_0))
    (model ${KISYS3DMOD}/Button_Switch_THT.3dshapes/SW_PUSH_6mm.wrl
      (at (xyz 0 0 0))
      (scale (xyz 1 1 1))
      (rotate (xyz 0 0 0))
    )
  )

  (module Button_Switch_THT:SW_PUSH_6mm (layer F.Cu) (tedit 5A02FE31) (tstamp 5E9B0EB6)
    (at 100.457 73.406)
    (descr https://www.omron.com/ecb/products/pdf/en-b3f.pdf)
    (tags "tact sw push 6mm")
    (path /5E140153)
    (fp_text reference RESET1 (at 3.175 6.35) (layer F.SilkS)
      (effects (font (size 1 1) (thickness 0.15)))
    )
    (fp_text value RESET (at 3.75 6.7) (layer F.Fab)
      (effects (font (size 1 1) (thickness 0.15)))
    )
    (fp_circle (center 3.25 2.25) (end 1.25 2.5) (layer F.Fab) (width 0.1))
    (fp_line (start 6.75 3) (end 6.75 1.5) (layer F.SilkS) (width 0.12))
    (fp_line (start 5.5 -1) (end 1 -1) (layer F.SilkS) (width 0.12))
    (fp_line (start -0.25 1.5) (end -0.25 3) (layer F.SilkS) (width 0.12))
    (fp_line (start 1 5.5) (end 5.5 5.5) (layer F.SilkS) (width 0.12))
    (fp_line (start 8 -1.25) (end 8 5.75) (layer F.CrtYd) (width 0.05))
    (fp_line (start 7.75 6) (end -1.25 6) (layer F.CrtYd) (width 0.05))
    (fp_line (start -1.5 5.75) (end -1.5 -1.25) (layer F.CrtYd) (width 0.05))
    (fp_line (start -1.25 -1.5) (end 7.75 -1.5) (layer F.CrtYd) (width 0.05))
    (fp_line (start -1.5 6) (end -1.25 6) (layer F.CrtYd) (width 0.05))
    (fp_line (start -1.5 5.75) (end -1.5 6) (layer F.CrtYd) (width 0.05))
    (fp_line (start -1.5 -1.5) (end -1.25 -1.5) (layer F.CrtYd) (width 0.05))
    (fp_line (start -1.5 -1.25) (end -1.5 -1.5) (layer F.CrtYd) (width 0.05))
    (fp_line (start 8 -1.5) (end 8 -1.25) (layer F.CrtYd) (width 0.05))
    (fp_line (start 7.75 -1.5) (end 8 -1.5) (layer F.CrtYd) (width 0.05))
    (fp_line (start 8 6) (end 8 5.75) (layer F.CrtYd) (width 0.05))
    (fp_line (start 7.75 6) (end 8 6) (layer F.CrtYd) (width 0.05))
    (fp_line (start 0.25 -0.75) (end 3.25 -0.75) (layer F.Fab) (width 0.1))
    (fp_line (start 0.25 5.25) (end 0.25 -0.75) (layer F.Fab) (width 0.1))
    (fp_line (start 6.25 5.25) (end 0.25 5.25) (layer F.Fab) (width 0.1))
    (fp_line (start 6.25 -0.75) (end 6.25 5.25) (layer F.Fab) (width 0.1))
    (fp_line (start 3.25 -0.75) (end 6.25 -0.75) (layer F.Fab) (width 0.1))
    (fp_text user %R (at 3.25 2.25) (layer F.Fab)
      (effects (font (size 1 1) (thickness 0.15)))
    )
    (pad 1 thru_hole circle (at 6.5 0 90) (size 2 2) (drill 1.1) (layers *.Cu *.Mask)
      (net 32 /EN))
    (pad 2 thru_hole circle (at 6.5 4.5 90) (size 2 2) (drill 1.1) (layers *.Cu *.Mask)
      (net 8 GND))
    (pad 1 thru_hole circle (at 0 0 90) (size 2 2) (drill 1.1) (layers *.Cu *.Mask)
      (net 32 /EN))
    (pad 2 thru_hole circle (at 0 4.5 90) (size 2 2) (drill 1.1) (layers *.Cu *.Mask)
      (net 8 GND))
    (model ${KISYS3DMOD}/Button_Switch_THT.3dshapes/SW_PUSH_6mm.wrl
      (at (xyz 0 0 0))
      (scale (xyz 1 1 1))
      (rotate (xyz 0 0 0))
    )
  )

  (module Capacitor_SMD:C_0805_2012Metric_Pad1.15x1.40mm_HandSolder (layer B.Cu) (tedit 5B36C52B) (tstamp 5EA7B870)
    (at 128.778 98.806 180)
    (descr "Capacitor SMD 0805 (2012 Metric), square (rectangular) end terminal, IPC_7351 nominal with elongated pad for handsoldering. (Body size source: https://docs.google.com/spreadsheets/d/1BsfQQcO9C6DZCsRaXUlFlo91Tg2WpOkGARC1WS5S8t0/edit?usp=sharing), generated with kicad-footprint-generator")
    (tags "capacitor handsolder")
    (path /5DA4121C)
    (attr smd)
    (fp_text reference C1 (at 0 1.65 180) (layer B.SilkS)
      (effects (font (size 1 1) (thickness 0.15)) (justify mirror))
    )
    (fp_text value 22p (at 0 -1.65 180) (layer B.Fab)
      (effects (font (size 1 1) (thickness 0.15)) (justify mirror))
    )
    (fp_line (start -1 -0.6) (end -1 0.6) (layer B.Fab) (width 0.1))
    (fp_line (start -1 0.6) (end 1 0.6) (layer B.Fab) (width 0.1))
    (fp_line (start 1 0.6) (end 1 -0.6) (layer B.Fab) (width 0.1))
    (fp_line (start 1 -0.6) (end -1 -0.6) (layer B.Fab) (width 0.1))
    (fp_line (start -0.261252 0.71) (end 0.261252 0.71) (layer B.SilkS) (width 0.12))
    (fp_line (start -0.261252 -0.71) (end 0.261252 -0.71) (layer B.SilkS) (width 0.12))
    (fp_line (start -1.85 -0.95) (end -1.85 0.95) (layer B.CrtYd) (width 0.05))
    (fp_line (start -1.85 0.95) (end 1.85 0.95) (layer B.CrtYd) (width 0.05))
    (fp_line (start 1.85 0.95) (end 1.85 -0.95) (layer B.CrtYd) (width 0.05))
    (fp_line (start 1.85 -0.95) (end -1.85 -0.95) (layer B.CrtYd) (width 0.05))
    (fp_text user %R (at 0 0 180) (layer B.Fab)
      (effects (font (size 0.5 0.5) (thickness 0.08)) (justify mirror))
    )
    (pad 1 smd roundrect (at -1.025 0 180) (size 1.15 1.4) (layers B.Cu B.Paste B.Mask) (roundrect_rratio 0.217391)
      (net 76 "Net-(C1-Pad1)"))
    (pad 2 smd roundrect (at 1.025 0 180) (size 1.15 1.4) (layers B.Cu B.Paste B.Mask) (roundrect_rratio 0.217391)
      (net 8 GND))
    (model ${KISYS3DMOD}/Capacitor_SMD.3dshapes/C_0805_2012Metric.wrl
      (at (xyz 0 0 0))
      (scale (xyz 1 1 1))
      (rotate (xyz 0 0 0))
    )
  )

  (module Capacitor_SMD:C_0805_2012Metric_Pad1.15x1.40mm_HandSolder (layer B.Cu) (tedit 5B36C52B) (tstamp 5EA7B85F)
    (at 121.149 98.806)
    (descr "Capacitor SMD 0805 (2012 Metric), square (rectangular) end terminal, IPC_7351 nominal with elongated pad for handsoldering. (Body size source: https://docs.google.com/spreadsheets/d/1BsfQQcO9C6DZCsRaXUlFlo91Tg2WpOkGARC1WS5S8t0/edit?usp=sharing), generated with kicad-footprint-generator")
    (tags "capacitor handsolder")
    (path /5DA40B55)
    (attr smd)
    (fp_text reference C2 (at 0.263 -1.524) (layer B.SilkS)
      (effects (font (size 1 1) (thickness 0.15)) (justify mirror))
    )
    (fp_text value 22p (at 0 -1.65) (layer B.Fab)
      (effects (font (size 1 1) (thickness 0.15)) (justify mirror))
    )
    (fp_text user %R (at 0 0) (layer B.Fab)
      (effects (font (size 0.5 0.5) (thickness 0.08)) (justify mirror))
    )
    (fp_line (start 1.85 -0.95) (end -1.85 -0.95) (layer B.CrtYd) (width 0.05))
    (fp_line (start 1.85 0.95) (end 1.85 -0.95) (layer B.CrtYd) (width 0.05))
    (fp_line (start -1.85 0.95) (end 1.85 0.95) (layer B.CrtYd) (width 0.05))
    (fp_line (start -1.85 -0.95) (end -1.85 0.95) (layer B.CrtYd) (width 0.05))
    (fp_line (start -0.261252 -0.71) (end 0.261252 -0.71) (layer B.SilkS) (width 0.12))
    (fp_line (start -0.261252 0.71) (end 0.261252 0.71) (layer B.SilkS) (width 0.12))
    (fp_line (start 1 -0.6) (end -1 -0.6) (layer B.Fab) (width 0.1))
    (fp_line (start 1 0.6) (end 1 -0.6) (layer B.Fab) (width 0.1))
    (fp_line (start -1 0.6) (end 1 0.6) (layer B.Fab) (width 0.1))
    (fp_line (start -1 -0.6) (end -1 0.6) (layer B.Fab) (width 0.1))
    (pad 2 smd roundrect (at 1.025 0) (size 1.15 1.4) (layers B.Cu B.Paste B.Mask) (roundrect_rratio 0.217391)
      (net 8 GND))
    (pad 1 smd roundrect (at -1.025 0) (size 1.15 1.4) (layers B.Cu B.Paste B.Mask) (roundrect_rratio 0.217391)
      (net 77 "Net-(C2-Pad1)"))
    (model ${KISYS3DMOD}/Capacitor_SMD.3dshapes/C_0805_2012Metric.wrl
      (at (xyz 0 0 0))
      (scale (xyz 1 1 1))
      (rotate (xyz 0 0 0))
    )
  )

  (module Capacitor_SMD:C_0805_2012Metric_Pad1.15x1.40mm_HandSolder (layer B.Cu) (tedit 5B36C52B) (tstamp 5EA7B84E)
    (at 116.586 98.933)
    (descr "Capacitor SMD 0805 (2012 Metric), square (rectangular) end terminal, IPC_7351 nominal with elongated pad for handsoldering. (Body size source: https://docs.google.com/spreadsheets/d/1BsfQQcO9C6DZCsRaXUlFlo91Tg2WpOkGARC1WS5S8t0/edit?usp=sharing), generated with kicad-footprint-generator")
    (tags "capacitor handsolder")
    (path /5DF323EA)
    (attr smd)
    (fp_text reference C3 (at 0 -1.524) (layer B.SilkS)
      (effects (font (size 1 1) (thickness 0.15)) (justify mirror))
    )
    (fp_text value 10nF (at 0 -1.65) (layer B.Fab)
      (effects (font (size 1 1) (thickness 0.15)) (justify mirror))
    )
    (fp_line (start -1 -0.6) (end -1 0.6) (layer B.Fab) (width 0.1))
    (fp_line (start -1 0.6) (end 1 0.6) (layer B.Fab) (width 0.1))
    (fp_line (start 1 0.6) (end 1 -0.6) (layer B.Fab) (width 0.1))
    (fp_line (start 1 -0.6) (end -1 -0.6) (layer B.Fab) (width 0.1))
    (fp_line (start -0.261252 0.71) (end 0.261252 0.71) (layer B.SilkS) (width 0.12))
    (fp_line (start -0.261252 -0.71) (end 0.261252 -0.71) (layer B.SilkS) (width 0.12))
    (fp_line (start -1.85 -0.95) (end -1.85 0.95) (layer B.CrtYd) (width 0.05))
    (fp_line (start -1.85 0.95) (end 1.85 0.95) (layer B.CrtYd) (width 0.05))
    (fp_line (start 1.85 0.95) (end 1.85 -0.95) (layer B.CrtYd) (width 0.05))
    (fp_line (start 1.85 -0.95) (end -1.85 -0.95) (layer B.CrtYd) (width 0.05))
    (fp_text user %R (at 0 0) (layer B.Fab)
      (effects (font (size 0.5 0.5) (thickness 0.08)) (justify mirror))
    )
    (pad 1 smd roundrect (at -1.025 0) (size 1.15 1.4) (layers B.Cu B.Paste B.Mask) (roundrect_rratio 0.217391)
      (net 84 "Net-(C3-Pad1)"))
    (pad 2 smd roundrect (at 1.025 0) (size 1.15 1.4) (layers B.Cu B.Paste B.Mask) (roundrect_rratio 0.217391)
      (net 8 GND))
    (model ${KISYS3DMOD}/Capacitor_SMD.3dshapes/C_0805_2012Metric.wrl
      (at (xyz 0 0 0))
      (scale (xyz 1 1 1))
      (rotate (xyz 0 0 0))
    )
  )

  (module Capacitor_SMD:C_0805_2012Metric_Pad1.15x1.40mm_HandSolder (layer B.Cu) (tedit 5B36C52B) (tstamp 5EA7B83D)
    (at 142.231 63.5 180)
    (descr "Capacitor SMD 0805 (2012 Metric), square (rectangular) end terminal, IPC_7351 nominal with elongated pad for handsoldering. (Body size source: https://docs.google.com/spreadsheets/d/1BsfQQcO9C6DZCsRaXUlFlo91Tg2WpOkGARC1WS5S8t0/edit?usp=sharing), generated with kicad-footprint-generator")
    (tags "capacitor handsolder")
    (path /5DFC79AB)
    (attr smd)
    (fp_text reference C4 (at 3.057 0 180) (layer B.SilkS)
      (effects (font (size 1 1) (thickness 0.15)) (justify mirror))
    )
    (fp_text value 100nF (at 0 -1.65 180) (layer B.Fab)
      (effects (font (size 1 1) (thickness 0.15)) (justify mirror))
    )
    (fp_text user %R (at 0 0 180) (layer B.Fab)
      (effects (font (size 0.5 0.5) (thickness 0.08)) (justify mirror))
    )
    (fp_line (start 1.85 -0.95) (end -1.85 -0.95) (layer B.CrtYd) (width 0.05))
    (fp_line (start 1.85 0.95) (end 1.85 -0.95) (layer B.CrtYd) (width 0.05))
    (fp_line (start -1.85 0.95) (end 1.85 0.95) (layer B.CrtYd) (width 0.05))
    (fp_line (start -1.85 -0.95) (end -1.85 0.95) (layer B.CrtYd) (width 0.05))
    (fp_line (start -0.261252 -0.71) (end 0.261252 -0.71) (layer B.SilkS) (width 0.12))
    (fp_line (start -0.261252 0.71) (end 0.261252 0.71) (layer B.SilkS) (width 0.12))
    (fp_line (start 1 -0.6) (end -1 -0.6) (layer B.Fab) (width 0.1))
    (fp_line (start 1 0.6) (end 1 -0.6) (layer B.Fab) (width 0.1))
    (fp_line (start -1 0.6) (end 1 0.6) (layer B.Fab) (width 0.1))
    (fp_line (start -1 -0.6) (end -1 0.6) (layer B.Fab) (width 0.1))
    (pad 2 smd roundrect (at 1.025 0 180) (size 1.15 1.4) (layers B.Cu B.Paste B.Mask) (roundrect_rratio 0.217391)
      (net 8 GND))
    (pad 1 smd roundrect (at -1.025 0 180) (size 1.15 1.4) (layers B.Cu B.Paste B.Mask) (roundrect_rratio 0.217391)
      (net 6 +3V3))
    (model ${KISYS3DMOD}/Capacitor_SMD.3dshapes/C_0805_2012Metric.wrl
      (at (xyz 0 0 0))
      (scale (xyz 1 1 1))
      (rotate (xyz 0 0 0))
    )
  )

  (module Capacitor_SMD:C_0805_2012Metric_Pad1.15x1.40mm_HandSolder (layer B.Cu) (tedit 5B36C52B) (tstamp 5EA7B82C)
    (at 142.231 60.96 180)
    (descr "Capacitor SMD 0805 (2012 Metric), square (rectangular) end terminal, IPC_7351 nominal with elongated pad for handsoldering. (Body size source: https://docs.google.com/spreadsheets/d/1BsfQQcO9C6DZCsRaXUlFlo91Tg2WpOkGARC1WS5S8t0/edit?usp=sharing), generated with kicad-footprint-generator")
    (tags "capacitor handsolder")
    (path /5DFD44CB)
    (attr smd)
    (fp_text reference C5 (at 3.057 0 180) (layer B.SilkS)
      (effects (font (size 1 1) (thickness 0.15)) (justify mirror))
    )
    (fp_text value 10uF (at 0 -1.65 180) (layer B.Fab)
      (effects (font (size 1 1) (thickness 0.15)) (justify mirror))
    )
    (fp_line (start -1 -0.6) (end -1 0.6) (layer B.Fab) (width 0.1))
    (fp_line (start -1 0.6) (end 1 0.6) (layer B.Fab) (width 0.1))
    (fp_line (start 1 0.6) (end 1 -0.6) (layer B.Fab) (width 0.1))
    (fp_line (start 1 -0.6) (end -1 -0.6) (layer B.Fab) (width 0.1))
    (fp_line (start -0.261252 0.71) (end 0.261252 0.71) (layer B.SilkS) (width 0.12))
    (fp_line (start -0.261252 -0.71) (end 0.261252 -0.71) (layer B.SilkS) (width 0.12))
    (fp_line (start -1.85 -0.95) (end -1.85 0.95) (layer B.CrtYd) (width 0.05))
    (fp_line (start -1.85 0.95) (end 1.85 0.95) (layer B.CrtYd) (width 0.05))
    (fp_line (start 1.85 0.95) (end 1.85 -0.95) (layer B.CrtYd) (width 0.05))
    (fp_line (start 1.85 -0.95) (end -1.85 -0.95) (layer B.CrtYd) (width 0.05))
    (fp_text user %R (at 0 0 180) (layer B.Fab)
      (effects (font (size 0.5 0.5) (thickness 0.08)) (justify mirror))
    )
    (pad 1 smd roundrect (at -1.025 0 180) (size 1.15 1.4) (layers B.Cu B.Paste B.Mask) (roundrect_rratio 0.217391)
      (net 6 +3V3))
    (pad 2 smd roundrect (at 1.025 0 180) (size 1.15 1.4) (layers B.Cu B.Paste B.Mask) (roundrect_rratio 0.217391)
      (net 8 GND))
    (model ${KISYS3DMOD}/Capacitor_SMD.3dshapes/C_0805_2012Metric.wrl
      (at (xyz 0 0 0))
      (scale (xyz 1 1 1))
      (rotate (xyz 0 0 0))
    )
  )

  (module Capacitor_SMD:C_0805_2012Metric_Pad1.15x1.40mm_HandSolder (layer B.Cu) (tedit 5B36C52B) (tstamp 5EA7B81B)
    (at 188.976 57.404 180)
    (descr "Capacitor SMD 0805 (2012 Metric), square (rectangular) end terminal, IPC_7351 nominal with elongated pad for handsoldering. (Body size source: https://docs.google.com/spreadsheets/d/1BsfQQcO9C6DZCsRaXUlFlo91Tg2WpOkGARC1WS5S8t0/edit?usp=sharing), generated with kicad-footprint-generator")
    (tags "capacitor handsolder")
    (path /5DEFEA91)
    (attr smd)
    (fp_text reference C6 (at 0 1.65 180) (layer B.SilkS)
      (effects (font (size 1 1) (thickness 0.15)) (justify mirror))
    )
    (fp_text value 330nF (at 0 -1.65 180) (layer B.Fab)
      (effects (font (size 1 1) (thickness 0.15)) (justify mirror))
    )
    (fp_text user %R (at 0 0 180) (layer B.Fab)
      (effects (font (size 0.5 0.5) (thickness 0.08)) (justify mirror))
    )
    (fp_line (start 1.85 -0.95) (end -1.85 -0.95) (layer B.CrtYd) (width 0.05))
    (fp_line (start 1.85 0.95) (end 1.85 -0.95) (layer B.CrtYd) (width 0.05))
    (fp_line (start -1.85 0.95) (end 1.85 0.95) (layer B.CrtYd) (width 0.05))
    (fp_line (start -1.85 -0.95) (end -1.85 0.95) (layer B.CrtYd) (width 0.05))
    (fp_line (start -0.261252 -0.71) (end 0.261252 -0.71) (layer B.SilkS) (width 0.12))
    (fp_line (start -0.261252 0.71) (end 0.261252 0.71) (layer B.SilkS) (width 0.12))
    (fp_line (start 1 -0.6) (end -1 -0.6) (layer B.Fab) (width 0.1))
    (fp_line (start 1 0.6) (end 1 -0.6) (layer B.Fab) (width 0.1))
    (fp_line (start -1 0.6) (end 1 0.6) (layer B.Fab) (width 0.1))
    (fp_line (start -1 -0.6) (end -1 0.6) (layer B.Fab) (width 0.1))
    (pad 2 smd roundrect (at 1.025 0 180) (size 1.15 1.4) (layers B.Cu B.Paste B.Mask) (roundrect_rratio 0.217391)
      (net 8 GND))
    (pad 1 smd roundrect (at -1.025 0 180) (size 1.15 1.4) (layers B.Cu B.Paste B.Mask) (roundrect_rratio 0.217391)
      (net 69 +12V))
    (model ${KISYS3DMOD}/Capacitor_SMD.3dshapes/C_0805_2012Metric.wrl
      (at (xyz 0 0 0))
      (scale (xyz 1 1 1))
      (rotate (xyz 0 0 0))
    )
  )

  (module Capacitor_SMD:C_0805_2012Metric_Pad1.15x1.40mm_HandSolder (layer B.Cu) (tedit 5B36C52B) (tstamp 5EA7B80A)
    (at 183.388 57.15)
    (descr "Capacitor SMD 0805 (2012 Metric), square (rectangular) end terminal, IPC_7351 nominal with elongated pad for handsoldering. (Body size source: https://docs.google.com/spreadsheets/d/1BsfQQcO9C6DZCsRaXUlFlo91Tg2WpOkGARC1WS5S8t0/edit?usp=sharing), generated with kicad-footprint-generator")
    (tags "capacitor handsolder")
    (path /5DF004CD)
    (attr smd)
    (fp_text reference C7 (at 0 -1.778) (layer B.SilkS)
      (effects (font (size 1 1) (thickness 0.15)) (justify mirror))
    )
    (fp_text value 100nF (at 0 -1.65) (layer B.Fab)
      (effects (font (size 1 1) (thickness 0.15)) (justify mirror))
    )
    (fp_line (start -1 -0.6) (end -1 0.6) (layer B.Fab) (width 0.1))
    (fp_line (start -1 0.6) (end 1 0.6) (layer B.Fab) (width 0.1))
    (fp_line (start 1 0.6) (end 1 -0.6) (layer B.Fab) (width 0.1))
    (fp_line (start 1 -0.6) (end -1 -0.6) (layer B.Fab) (width 0.1))
    (fp_line (start -0.261252 0.71) (end 0.261252 0.71) (layer B.SilkS) (width 0.12))
    (fp_line (start -0.261252 -0.71) (end 0.261252 -0.71) (layer B.SilkS) (width 0.12))
    (fp_line (start -1.85 -0.95) (end -1.85 0.95) (layer B.CrtYd) (width 0.05))
    (fp_line (start -1.85 0.95) (end 1.85 0.95) (layer B.CrtYd) (width 0.05))
    (fp_line (start 1.85 0.95) (end 1.85 -0.95) (layer B.CrtYd) (width 0.05))
    (fp_line (start 1.85 -0.95) (end -1.85 -0.95) (layer B.CrtYd) (width 0.05))
    (fp_text user %R (at 0 0) (layer B.Fab)
      (effects (font (size 0.5 0.5) (thickness 0.08)) (justify mirror))
    )
    (pad 1 smd roundrect (at -1.025 0) (size 1.15 1.4) (layers B.Cu B.Paste B.Mask) (roundrect_rratio 0.217391)
      (net 68 /display_Vin))
    (pad 2 smd roundrect (at 1.025 0) (size 1.15 1.4) (layers B.Cu B.Paste B.Mask) (roundrect_rratio 0.217391)
      (net 8 GND))
    (model ${KISYS3DMOD}/Capacitor_SMD.3dshapes/C_0805_2012Metric.wrl
      (at (xyz 0 0 0))
      (scale (xyz 1 1 1))
      (rotate (xyz 0 0 0))
    )
  )

  (module Capacitor_SMD:C_0805_2012Metric_Pad1.15x1.40mm_HandSolder (layer B.Cu) (tedit 5B36C52B) (tstamp 5EA7B7F9)
    (at 168.656 68.326 180)
    (descr "Capacitor SMD 0805 (2012 Metric), square (rectangular) end terminal, IPC_7351 nominal with elongated pad for handsoldering. (Body size source: https://docs.google.com/spreadsheets/d/1BsfQQcO9C6DZCsRaXUlFlo91Tg2WpOkGARC1WS5S8t0/edit?usp=sharing), generated with kicad-footprint-generator")
    (tags "capacitor handsolder")
    (path /5DF1AC2C)
    (attr smd)
    (fp_text reference C8 (at 0 1.65 180) (layer B.SilkS)
      (effects (font (size 1 1) (thickness 0.15)) (justify mirror))
    )
    (fp_text value 100nF (at 0 -1.65 180) (layer B.Fab)
      (effects (font (size 1 1) (thickness 0.15)) (justify mirror))
    )
    (fp_text user %R (at 0 0 180) (layer B.Fab)
      (effects (font (size 0.5 0.5) (thickness 0.08)) (justify mirror))
    )
    (fp_line (start 1.85 -0.95) (end -1.85 -0.95) (layer B.CrtYd) (width 0.05))
    (fp_line (start 1.85 0.95) (end 1.85 -0.95) (layer B.CrtYd) (width 0.05))
    (fp_line (start -1.85 0.95) (end 1.85 0.95) (layer B.CrtYd) (width 0.05))
    (fp_line (start -1.85 -0.95) (end -1.85 0.95) (layer B.CrtYd) (width 0.05))
    (fp_line (start -0.261252 -0.71) (end 0.261252 -0.71) (layer B.SilkS) (width 0.12))
    (fp_line (start -0.261252 0.71) (end 0.261252 0.71) (layer B.SilkS) (width 0.12))
    (fp_line (start 1 -0.6) (end -1 -0.6) (layer B.Fab) (width 0.1))
    (fp_line (start 1 0.6) (end 1 -0.6) (layer B.Fab) (width 0.1))
    (fp_line (start -1 0.6) (end 1 0.6) (layer B.Fab) (width 0.1))
    (fp_line (start -1 -0.6) (end -1 0.6) (layer B.Fab) (width 0.1))
    (pad 2 smd roundrect (at 1.025 0 180) (size 1.15 1.4) (layers B.Cu B.Paste B.Mask) (roundrect_rratio 0.217391)
      (net 8 GND))
    (pad 1 smd roundrect (at -1.025 0 180) (size 1.15 1.4) (layers B.Cu B.Paste B.Mask) (roundrect_rratio 0.217391)
      (net 63 "Net-(3V3stabilizer1-Pad1)"))
    (model ${KISYS3DMOD}/Capacitor_SMD.3dshapes/C_0805_2012Metric.wrl
      (at (xyz 0 0 0))
      (scale (xyz 1 1 1))
      (rotate (xyz 0 0 0))
    )
  )

